570110217
580110004
580110056
590110188
590110253
580210173
580210176
590210014
590210015
590210132
590210146
590210148
590210153
590210156
590210203
590210247
590210320
590210321
590210328
570410091
580410082
590410085
590410089
590410146
590410155
570510423
590510017
590510145
590510205
590510430
590510515
590510519
580610381
590610050
590610122
590610359
590612139
591310080
591310102
591310247
591310256
591310275
591512153
581610169
591610029
591610045
591610071
571810199
581910107
591910122
591910132
591910168
591910206
592010040
592012106
572110220
592110110
592110152