570110010
570110031
580110003
580110317
590110123
590110166
590110417
560210135
570210080
570210161
570210178
580210106
580210270
590210098
590210127
590210315
580310306
590410092
590410121
570510353
570510547
580510466
590510079
590510161
590510336
590510357
590510568
580610659
590610013
590610040
590610318
590610389
590610392
590610537
590610539
590610605
590610628
590810070
590810144
590810321
590810350
581310006
581310047
581310120
591310028
591310052
591310081
591310308
581512075
591510114
591510132
571610131
571610149
571610362
581610036
581610112
581610237
591610030
591610046
591610053
591610109
591610146
571810102
581810134
581810261
591810011
591810130
571910107
571910157
571910301
581910011
581910025
581910105
581910153
581910182
581910239
591910155
592010049
592010074
592012071
592012078
592012139
592110101