590110122
590110148
600110157
610110105
610110124
610110179
610110249
610110311
610110377
610110391
610110410
610110411
610110413
610110505
580210304
580210323
590210009
590210320
590210321
590210343
600210267
600210277
610210068
610210149
610210205
610210212
610210213
610210214
610210223
610210233
610210261
610210291
610210327
590310036
600410063
600410146
590510301
590510323
590510336
590510378
610510183
610510231
610510555
610510620
610510795
610510799
580610105
580610688
590610244
590610513
590612005
600610030
600610072
600610079
600610084
600610099
600610187
600610201
600610341
600610793
600612032
610610035
610610093
610610157
610610160
610610359
610610372
610610392
610610427
610610479
610610501
610610648
590810045
590810147
590810294
600810104
610810199
591310052
591310071
611310463
611410008
591510209
591512121
591512125
601512123
611510305
611810031
601910110
611910011
611910092
611910104
611910129
611910135
612010024
612110045
612110095