570110206
590110127
590110183
590110459
590110490
560210204
570210044
570210245
580210185
580210293
590210164
590210169
590210173
590210306
590310197
590310264
590310325
590410037
590410053
590415020
570510072
580510037
590510134
590510319
590510346
590510369
590510558
580610545
580610592
590610137
590610177
590610656
590810393
591010097
581510068
581512112
591510015
591510019
591510113
591510255
591512089
591512174
581610300
591610096
591610104
591610121
591615041
571810023
571810124
581810049
581810183
591910186
592010024