570110180
570110369
570110417
570110518
590110004
590110122
550210167
560210023
560210217
560210229
570210156
580210113
580210147
580210301
580210304
580210306
580210313
580210314
580210315
580210317
580210318
580210319
580210323
580210325
590210168
590210191
590210314
590210322
590210324
590210325
590210327
590210329
590210330
590210332
590210335
590210336
590210341
590210343
590210345
550310086
580310048
590310036
590310329
570410081
570410154
570410182
580410087
590410129
570510057
570510567
580510428
580510438
580510619
580510624
590510159
590510301
590510323
590510335
590510378
590510383
590510547
560610199
570610255
570610495
580610024
580610083
580610190
580610248
580610416
580610417
580610464
580610505
580610564
580610620
580610646
580610656
580610688
580612144
590610003
590610026
590610244
590610305
590610490
590610505
590610513
590610609
570810005
570810164
570810288
580810072
580810143
580810209
580810264
580810318
580810384
590810147
590810196
590810356
590810358
581110165
591110307
571310128
571310200
591310071
591310179
591310350
571512065
581510280
591510097
591510188
591510209
571610112
581610191
591610025
591610093
571810185
591810234
581910110
581910211
591910025
591910080
591910113
582012159
582110003
582110041
592110050